   1 V C   0.000 0.000 1.000 
   2 P C   0.008 0.002 0.990 
   3 E C   0.023 0.002 0.975 
   4 I C   0.217 0.006 0.777 
   5 T C   0.306 0.004 0.690 
   6 T H   0.832 0.005 0.163 
   7 A H   0.949 0.007 0.044 
   8 Q H   0.948 0.007 0.045 
   9 T H   0.924 0.007 0.069 
  10 I H   0.887 0.010 0.103 
  11 A H   0.854 0.012 0.135 
  12 N H   0.813 0.016 0.170 
  13 S H   0.739 0.036 0.224 
  14 V H   0.674 0.074 0.252 
  15 V H   0.507 0.099 0.394 
  16 D C   0.202 0.066 0.732 
  17 A C   0.155 0.016 0.829 
  18 K C   0.099 0.013 0.888 
  19 K C   0.095 0.075 0.830 
  20 F C   0.079 0.142 0.778 
  21 D C   0.066 0.192 0.742 
  22 Y C   0.063 0.243 0.694 
  23 L C   0.055 0.214 0.731 
  24 F C   0.034 0.134 0.832 
  25 G C   0.017 0.147 0.836 
  26 K C   0.020 0.380 0.601 
  27 A C   0.020 0.393 0.587 
  28 T C   0.017 0.243 0.740 
  29 G C   0.009 0.036 0.955 
  30 N C   0.017 0.008 0.975 
  31 S C   0.457 0.007 0.536 
  32 H H   0.530 0.018 0.452 
  33 T H   0.600 0.012 0.388 
  34 L H   0.799 0.005 0.196 
  35 D H   0.839 0.004 0.157 
  36 R H   0.935 0.003 0.062 
  37 T H   0.956 0.002 0.043 
  38 N H   0.978 0.001 0.022 
  39 Q H   0.988 0.000 0.012 
  40 L H   0.993 0.000 0.007 
  41 A H   0.995 0.000 0.005 
  42 L H   0.995 0.000 0.005 
  43 E H   0.997 0.000 0.003 
  44 M H   0.992 0.000 0.008 
  45 K H   0.980 0.000 0.020 
  46 R H   0.945 0.000 0.054 
  47 L C   0.440 0.000 0.560 
  48 G C   0.011 0.000 0.989 
  49 V C   0.001 0.006 0.993 
  50 A C   0.003 0.007 0.990 
  51 D C   0.004 0.003 0.993 
  52 D C   0.006 0.005 0.989 
  53 I C   0.116 0.000 0.883 
  54 N C   0.134 0.000 0.866 
  55 G C   0.378 0.001 0.621 
  56 H H   0.873 0.003 0.125 
  57 A H   0.959 0.004 0.037 
  58 V H   0.970 0.002 0.028 
  59 L H   0.991 0.001 0.008 
  60 A H   0.990 0.000 0.010 
  61 E H   0.986 0.000 0.014 
  62 H H   0.981 0.000 0.019 
  63 F H   0.983 0.001 0.017 
  64 T H   0.975 0.001 0.024 
  65 Q H   0.958 0.001 0.041 
  66 A H   0.918 0.002 0.079 
  67 T H   0.692 0.002 0.306 
  68 K C   0.356 0.004 0.639 
  69 D C   0.026 0.005 0.969 
  70 S C   0.014 0.004 0.982 
  71 N C   0.009 0.014 0.977 
  72 N C   0.009 0.170 0.821 
  73 I E   0.014 0.703 0.283 
  74 V E   0.014 0.814 0.172 
  75 K E   0.014 0.826 0.161 
  76 K E   0.014 0.828 0.158 
  77 Y E   0.012 0.781 0.207 
  78 T E   0.009 0.534 0.457 
  79 D C   0.006 0.244 0.750 
  80 Q C   0.008 0.226 0.766 
  81 Y C   0.008 0.307 0.685 
  82 G C   0.004 0.444 0.552 
  83 S E   0.002 0.609 0.390 
  84 F E   0.001 0.873 0.126 
  85 E E   0.000 0.959 0.041 
  86 I E   0.000 0.972 0.028 
  87 R E   0.000 0.965 0.035 
  88 E E   0.000 0.958 0.042 
  89 S E   0.000 0.945 0.055 
  90 F E   0.000 0.974 0.026 
  91 F E   0.000 0.976 0.024 
  92 I E   0.000 0.859 0.141 
  93 G C   0.000 0.235 0.765 
  94 P C   0.001 0.009 0.990 
  95 S C   0.001 0.001 0.998 
  96 G C   0.001 0.017 0.983 
  97 K C   0.001 0.089 0.911 
  98 A E   0.001 0.553 0.447 
  99 T E   0.000 0.756 0.244 
 100 V E   0.000 0.930 0.070 
 101 F E   0.000 0.962 0.038 
 102 E E   0.000 0.967 0.033 
 103 S E   0.000 0.973 0.027 
 104 T E   0.000 0.988 0.012 
 105 F E   0.000 0.993 0.007 
 106 E E   0.000 0.994 0.006 
 107 V E   0.000 0.960 0.040 
 108 M C   0.000 0.215 0.784 
 109 K C   0.002 0.015 0.983 
 110 D C   0.001 0.003 0.997 
 111 G C   0.000 0.043 0.957 
 112 S C   0.001 0.361 0.638 
 113 H E   0.001 0.802 0.198 
 114 R E   0.000 0.926 0.074 
 115 F E   0.000 0.952 0.048 
 116 I E   0.000 0.939 0.061 
 117 T E   0.000 0.928 0.071 
 118 T E   0.001 0.869 0.130 
 119 I E   0.000 0.668 0.331 
 120 P C   0.002 0.470 0.528 
 121 K C   0.006 0.177 0.817 
 122 N C   0.005 0.094 0.901 
 123 G C   0.004 0.315 0.682 
 124 V E   0.003 0.650 0.347 
 125 T E   0.002 0.586 0.413 
 126 K C   0.000 0.002 0.998 
