   1 M C   0.000 0.002 0.998 
   2 T C   0.001 0.372 0.627 
   3 Y E   0.002 0.765 0.234 
   4 K E   0.003 0.830 0.167 
   5 L E   0.004 0.840 0.156 
   6 I E   0.003 0.836 0.161 
   7 L E   0.004 0.773 0.223 
   8 N C   0.005 0.342 0.652 
   9 G C   0.006 0.163 0.831 
  10 K C   0.009 0.233 0.758 
  11 T C   0.005 0.229 0.765 
  12 L C   0.006 0.168 0.826 
  13 K C   0.003 0.146 0.852 
  14 G C   0.002 0.251 0.747 
  15 E C   0.002 0.464 0.534 
  16 T E   0.002 0.680 0.318 
  17 T E   0.001 0.784 0.215 
  18 T E   0.002 0.891 0.107 
  19 E E   0.002 0.879 0.119 
  20 A E   0.001 0.614 0.385 
  21 V C   0.001 0.141 0.858 
  22 D C   0.006 0.029 0.965 
  23 A H   0.968 0.001 0.032 
  24 A H   0.980 0.001 0.019 
  25 T H   0.985 0.001 0.014 
  26 A H   0.994 0.000 0.006 
  27 E H   0.996 0.000 0.004 
  28 K H   0.995 0.000 0.004 
  29 V H   0.994 0.000 0.006 
  30 F H   0.993 0.000 0.007 
  31 K H   0.986 0.000 0.014 
  32 Q H   0.972 0.001 0.028 
  33 Y H   0.945 0.002 0.053 
  34 A H   0.826 0.005 0.169 
  35 N H   0.674 0.007 0.319 
  36 D H   0.500 0.009 0.492 
  37 N C   0.192 0.005 0.803 
  38 G C   0.010 0.026 0.964 
  39 V C   0.011 0.276 0.713 
  40 D C   0.013 0.367 0.619 
  41 G E   0.009 0.498 0.492 
  42 E E   0.012 0.706 0.282 
  43 W E   0.011 0.773 0.216 
  44 T E   0.010 0.744 0.246 
  45 Y E   0.010 0.656 0.334 
  46 D C   0.008 0.261 0.730 
  47 D C   0.055 0.048 0.897 
  48 A C   0.053 0.014 0.933 
  49 T C   0.053 0.023 0.924 
  50 K C   0.045 0.200 0.755 
  51 T C   0.028 0.445 0.527 
  52 F E   0.018 0.595 0.387 
  53 T E   0.013 0.590 0.397 
  54 V C   0.007 0.451 0.542 
  55 T C   0.002 0.188 0.810 
  56 E C   0.000 0.001 0.999 
