   1 T C   0.000 0.000 1.000 
   2 A C   0.021 0.003 0.976 
   3 D C   0.059 0.002 0.939 
   4 N C   0.125 0.003 0.872 
   5 K C   0.168 0.006 0.826 
   6 F C   0.143 0.004 0.852 
   7 N C   0.144 0.001 0.855 
   8 K H   0.971 0.000 0.029 
   9 E H   0.985 0.000 0.014 
  10 Q H   0.987 0.000 0.012 
  11 Q H   0.991 0.000 0.009 
  12 N H   0.990 0.000 0.010 
  13 A H   0.991 0.000 0.009 
  14 F H   0.991 0.000 0.008 
  15 Y H   0.994 0.000 0.006 
  16 E H   0.987 0.000 0.013 
  17 I H   0.973 0.001 0.026 
  18 L H   0.742 0.000 0.258 
  19 H C   0.126 0.000 0.874 
  20 L C   0.003 0.001 0.997 
  21 P C   0.007 0.000 0.993 
  22 N C   0.002 0.001 0.997 
  23 L C   0.002 0.002 0.996 
  24 N C   0.006 0.001 0.993 
  25 E H   0.956 0.000 0.044 
  26 E H   0.957 0.000 0.043 
  27 Q H   0.952 0.000 0.048 
  28 R H   0.960 0.000 0.039 
  29 N H   0.949 0.000 0.051 
  30 G H   0.938 0.000 0.062 
  31 F H   0.949 0.000 0.051 
  32 I H   0.962 0.001 0.037 
  33 Q H   0.949 0.000 0.050 
  34 S H   0.910 0.000 0.090 
  35 L H   0.854 0.001 0.145 
  36 K H   0.767 0.001 0.233 
  37 D H   0.639 0.001 0.360 
  38 D C   0.008 0.001 0.991 
  39 P C   0.216 0.000 0.783 
  40 S C   0.268 0.001 0.732 
  41 Q H   0.530 0.001 0.470 
  42 S H   0.836 0.001 0.164 
  43 A H   0.912 0.001 0.088 
  44 N H   0.934 0.000 0.065 
  45 L H   0.956 0.000 0.044 
  46 L H   0.962 0.001 0.037 
  47 A H   0.969 0.002 0.029 
  48 E H   0.958 0.001 0.040 
  49 A H   0.926 0.002 0.072 
  50 K H   0.769 0.001 0.230 
  51 K C   0.426 0.002 0.572 
  52 L C   0.092 0.003 0.905 
  53 N C   0.069 0.001 0.930 
  54 D C   0.120 0.003 0.877 
  55 A C   0.123 0.004 0.873 
  56 Q C   0.087 0.003 0.911 
  57 A C   0.008 0.002 0.990 
  58 P C   0.002 0.003 0.994 
  59 K C   0.001 0.003 0.996 
  60 A C   0.000 0.000 1.000 
