   1 T C   0.000 0.001 0.999 
   2 T C   0.003 0.066 0.931 
   3 C C   0.002 0.075 0.924 
   4 C C   0.000 0.034 0.966 
   5 P C   0.004 0.012 0.984 
   6 S C   0.026 0.010 0.965 
   7 I H   0.902 0.001 0.097 
   8 V H   0.922 0.002 0.076 
   9 A H   0.932 0.003 0.066 
  10 R H   0.912 0.003 0.085 
  11 S H   0.771 0.005 0.225 
  12 N H   0.740 0.009 0.251 
  13 F H   0.697 0.016 0.287 
  14 N H   0.553 0.018 0.429 
  15 V C   0.400 0.029 0.571 
  16 C C   0.195 0.029 0.776 
  17 R C   0.095 0.036 0.869 
  18 L C   0.014 0.019 0.968 
  19 P C   0.017 0.005 0.977 
  20 G C   0.022 0.006 0.972 
  21 T C   0.034 0.010 0.956 
  22 S C   0.063 0.005 0.932 
  23 E H   0.868 0.001 0.131 
  24 A H   0.920 0.003 0.077 
  25 I H   0.946 0.007 0.047 
  26 C H   0.940 0.010 0.050 
  27 A H   0.796 0.006 0.197 
  28 T C   0.462 0.004 0.534 
  29 Y C   0.192 0.006 0.803 
  30 T C   0.081 0.031 0.888 
  31 G C   0.006 0.074 0.920 
  32 C C   0.002 0.308 0.691 
  33 I E   0.004 0.873 0.123 
  34 I E   0.003 0.857 0.140 
  35 I C   0.001 0.367 0.632 
  36 P C   0.010 0.071 0.919 
  37 G C   0.013 0.023 0.965 
  38 A C   0.016 0.023 0.961 
  39 T C   0.026 0.047 0.927 
  40 C C   0.001 0.018 0.981 
  41 P C   0.001 0.011 0.988 
  42 G C   0.005 0.004 0.991 
  43 D C   0.005 0.011 0.984 
  44 Y C   0.003 0.013 0.984 
  45 A C   0.002 0.013 0.985 
  46 N C   0.000 0.000 1.000 
