   1 D C   0.000 0.002 0.998 
   2 C C   0.002 0.226 0.772 
   3 Y E   0.006 0.667 0.328 
   4 C E   0.002 0.668 0.329 
   5 R C   0.002 0.488 0.510 
   6 I C   0.001 0.127 0.871 
   7 P C   0.004 0.048 0.947 
   8 A C   0.011 0.128 0.861 
   9 C C   0.009 0.175 0.815 
  10 I C   0.006 0.131 0.863 
  11 A C   0.003 0.074 0.923 
  12 G C   0.003 0.074 0.923 
  13 E C   0.001 0.244 0.755 
  14 R E   0.001 0.729 0.271 
  15 R E   0.000 0.797 0.203 
  16 Y E   0.000 0.713 0.286 
  17 G E   0.004 0.743 0.253 
  18 T E   0.006 0.860 0.134 
  19 C E   0.007 0.867 0.126 
  20 I E   0.003 0.826 0.171 
  21 Y E   0.002 0.777 0.221 
  22 Q C   0.001 0.008 0.991 
  23 G C   0.000 0.005 0.995 
  24 R E   0.001 0.923 0.076 
  25 L E   0.001 0.978 0.021 
  26 W E   0.001 0.958 0.042 
  27 A E   0.001 0.926 0.074 
  28 F E   0.002 0.785 0.213 
  29 C C   0.001 0.441 0.558 
  30 C C   0.000 0.002 0.998 
