   1 P C   0.000 0.002 0.998 
   2 Q C   0.002 0.288 0.711 
   3 I E   0.004 0.654 0.343 
   4 T E   0.002 0.655 0.343 
   5 L C   0.004 0.400 0.596 
   6 W C   0.002 0.077 0.921 
   7 Q C   0.001 0.079 0.920 
   8 R C   0.001 0.454 0.545 
   9 P E   0.000 0.663 0.337 
  10 L E   0.000 0.948 0.052 
  11 V E   0.000 0.994 0.006 
  12 T E   0.000 0.992 0.008 
  13 I E   0.000 0.995 0.005 
  14 K E   0.000 0.988 0.012 
  15 I E   0.000 0.960 0.040 
  16 G C   0.000 0.003 0.997 
  17 G C   0.000 0.002 0.997 
  18 Q E   0.000 0.969 0.030 
  19 L E   0.000 0.990 0.010 
  20 K E   0.000 0.990 0.009 
  21 E E   0.000 0.998 0.002 
  22 A E   0.000 0.998 0.002 
  23 L E   0.000 0.994 0.005 
  24 L E   0.000 0.984 0.016 
  25 D E   0.001 0.670 0.329 
  26 T C   0.003 0.325 0.672 
  27 G C   0.001 0.046 0.953 
  28 A C   0.000 0.005 0.995 
  29 D C   0.000 0.018 0.982 
  30 D E   0.002 0.601 0.397 
  31 T E   0.001 0.818 0.181 
  32 V E   0.001 0.928 0.071 
  33 L E   0.000 0.908 0.092 
  34 E E   0.001 0.521 0.479 
  35 E C   0.021 0.022 0.957 
  36 M C   0.015 0.001 0.983 
  37 S C   0.015 0.001 0.984 
  38 L C   0.002 0.006 0.991 
  39 P C   0.004 0.005 0.991 
  40 G C   0.007 0.023 0.969 
  41 R C   0.003 0.029 0.967 
  42 W C   0.001 0.057 0.942 
  43 K C   0.000 0.099 0.901 
  44 P C   0.000 0.202 0.798 
  45 K E   0.000 0.899 0.101 
  46 M E   0.000 0.981 0.019 
  47 I E   0.000 0.988 0.012 
  48 G E   0.000 0.943 0.057 
  49 G E   0.000 0.641 0.359 
  50 I C   0.004 0.475 0.521 
  51 G C   0.001 0.333 0.666 
  52 G C   0.002 0.313 0.686 
  53 F E   0.002 0.505 0.493 
  54 I E   0.001 0.829 0.170 
  55 K E   0.001 0.876 0.123 
  56 V E   0.000 0.797 0.203 
  57 R E   0.000 0.789 0.210 
  58 Q E   0.000 0.868 0.131 
  59 Y E   0.000 0.938 0.062 
  60 D E   0.000 0.965 0.035 
  61 Q E   0.000 0.978 0.022 
  62 I E   0.000 0.972 0.028 
  63 L E   0.000 0.981 0.019 
  64 I E   0.000 0.994 0.006 
  65 E E   0.000 0.991 0.009 
  66 I E   0.000 0.961 0.039 
  67 C C   0.001 0.003 0.997 
  68 G C   0.000 0.002 0.998 
  69 H E   0.000 0.969 0.030 
  70 K E   0.000 0.988 0.012 
  71 A E   0.000 0.993 0.007 
  72 I E   0.000 0.994 0.006 
  73 G E   0.000 0.983 0.017 
  74 T E   0.000 0.977 0.023 
  75 V E   0.000 0.990 0.010 
  76 L E   0.000 0.981 0.019 
  77 V E   0.000 0.827 0.173 
  78 G C   0.000 0.215 0.785 
  79 P C   0.000 0.017 0.983 
  80 T C   0.000 0.003 0.997 
  81 P C   0.000 0.004 0.996 
  82 V C   0.001 0.039 0.960 
  83 N C   0.001 0.328 0.671 
  84 I E   0.002 0.727 0.271 
  85 I E   0.004 0.733 0.263 
  86 G C   0.010 0.291 0.699 
  87 R H   0.916 0.004 0.080 
  88 N H   0.953 0.002 0.045 
  89 L H   0.967 0.002 0.031 
  90 L H   0.965 0.002 0.032 
  91 T H   0.896 0.003 0.101 
  92 Q H   0.858 0.004 0.137 
  93 I H   0.601 0.004 0.395 
  94 G C   0.006 0.006 0.988 
  95 C C   0.001 0.124 0.875 
  96 T E   0.003 0.678 0.319 
  97 L E   0.002 0.673 0.325 
  98 N C   0.001 0.299 0.700 
  99 F C   0.000 0.002 0.998 
