   1 K C   0.000 0.000 1.000 
   2 L C   0.002 0.018 0.980 
   3 P C   0.000 0.021 0.979 
   4 P C   0.001 0.001 0.998 
   5 G C   0.000 0.004 0.995 
   6 W E   0.000 0.662 0.338 
   7 E E   0.000 0.956 0.044 
   8 K E   0.000 0.986 0.014 
   9 R E   0.000 0.986 0.014 
  10 M E   0.000 0.977 0.023 
  11 S E   0.000 0.698 0.302 
  12 R C   0.001 0.005 0.994 
  13 S C   0.000 0.000 0.999 
  14 S C   0.004 0.000 0.996 
  15 G C   0.000 0.004 0.995 
  16 R C   0.000 0.153 0.847 
  17 V E   0.000 0.960 0.040 
  18 Y E   0.000 0.983 0.017 
  19 Y E   0.000 0.992 0.008 
  20 F E   0.000 0.991 0.009 
  21 N E   0.000 0.903 0.097 
  22 H C   0.001 0.006 0.993 
  23 I C   0.001 0.001 0.998 
  24 T C   0.005 0.001 0.994 
  25 N C   0.001 0.012 0.987 
  26 A E   0.002 0.511 0.487 
  27 S E   0.002 0.893 0.104 
  28 Q E   0.002 0.917 0.080 
  29 W E   0.001 0.831 0.168 
  30 E E   0.002 0.589 0.409 
  31 R C   0.000 0.048 0.952 
  32 P C   0.000 0.008 0.992 
  33 S C   0.000 0.003 0.997 
  34 G C   0.000 0.002 0.998 
  35 N C   0.001 0.001 0.998 
  36 S C   0.001 0.002 0.997 
  37 S C   0.000 0.003 0.996 
  38 S C   0.000 0.004 0.995 
  39 G C   0.000 0.000 1.000 
