   1 T C   0.003 0.001 0.996 
   2 T H   0.777 0.010 0.213 
   3 Y H   0.860 0.022 0.118 
   4 K H   0.868 0.026 0.106 
   5 L H   0.869 0.032 0.100 
   6 I H   0.836 0.039 0.125 
   7 L H   0.748 0.028 0.224 
   8 N H   0.583 0.012 0.404 
   9 L H   0.585 0.011 0.404 
  10 K H   0.601 0.013 0.386 
  11 Q H   0.603 0.013 0.385 
  12 A H   0.588 0.006 0.406 
  13 K H   0.669 0.004 0.328 
  14 E H   0.873 0.005 0.122 
  15 E H   0.905 0.004 0.091 
  16 A H   0.924 0.002 0.074 
  17 I H   0.965 0.002 0.033 
  18 K H   0.978 0.002 0.020 
  19 E H   0.982 0.002 0.017 
  20 L H   0.984 0.002 0.014 
  21 V H   0.985 0.002 0.013 
  22 D H   0.977 0.002 0.021 
  23 A H   0.899 0.001 0.101 
  24 G H   0.746 0.000 0.254 
  25 T H   0.870 0.001 0.129 
  26 A H   0.981 0.000 0.019 
  27 E H   0.991 0.000 0.009 
  28 K H   0.994 0.000 0.006 
  29 Y H   0.995 0.000 0.004 
  30 I H   0.996 0.000 0.004 
  31 K H   0.996 0.000 0.003 
  32 L H   0.994 0.000 0.006 
  33 I H   0.986 0.001 0.013 
  34 A H   0.854 0.001 0.146 
  35 N H   0.554 0.002 0.444 
  36 A C   0.440 0.007 0.553 
  37 K C   0.323 0.006 0.671 
  38 T C   0.310 0.035 0.654 
  39 V H   0.681 0.073 0.246 
  40 E H   0.774 0.068 0.158 
  41 G H   0.780 0.072 0.148 
  42 V H   0.841 0.083 0.076 
  43 W H   0.846 0.082 0.072 
  44 T H   0.832 0.059 0.109 
  45 L H   0.850 0.020 0.130 
  46 K H   0.878 0.008 0.114 
  47 D H   0.921 0.006 0.073 
  48 E H   0.896 0.006 0.098 
  49 I H   0.823 0.008 0.169 
  50 K H   0.723 0.011 0.266 
  51 T H   0.560 0.019 0.421 
  52 F C   0.409 0.050 0.542 
  53 T C   0.312 0.095 0.593 
  54 V C   0.171 0.088 0.741 
  55 T C   0.043 0.027 0.930 
  56 E C   0.000 0.000 0.999 
