   1 F C   0.001 0.000 0.999 
   2 N C   0.027 0.001 0.972 
   3 M H   0.958 0.000 0.042 
   4 Q H   0.971 0.000 0.029 
   5 C H   0.970 0.000 0.030 
   6 Q H   0.983 0.000 0.017 
   7 R H   0.986 0.000 0.014 
   8 R H   0.985 0.000 0.015 
   9 F H   0.985 0.000 0.015 
  10 Y H   0.990 0.000 0.010 
  11 E H   0.979 0.000 0.021 
  12 A H   0.953 0.001 0.047 
  13 L H   0.690 0.000 0.310 
  14 H C   0.207 0.000 0.793 
  15 D C   0.003 0.001 0.997 
  16 P C   0.006 0.000 0.994 
  17 N C   0.002 0.001 0.997 
  18 L C   0.002 0.002 0.996 
  19 N C   0.008 0.000 0.991 
  20 E H   0.986 0.000 0.014 
  21 E H   0.990 0.000 0.010 
  22 Q H   0.989 0.000 0.011 
  23 R H   0.991 0.000 0.008 
  24 N H   0.989 0.000 0.010 
  25 A H   0.981 0.000 0.019 
  26 K H   0.969 0.001 0.031 
  27 I H   0.960 0.001 0.039 
  28 K H   0.937 0.001 0.062 
  29 S H   0.909 0.001 0.090 
  30 I H   0.900 0.001 0.099 
  31 R H   0.864 0.001 0.135 
  32 D H   0.780 0.002 0.218 
  33 D H   0.542 0.003 0.455 
  34 C C   0.002 0.000 0.998 
