   1 G C   0.000 0.000 1.000 
   2 D C   0.000 0.002 0.997 
   3 Q C   0.000 0.004 0.995 
   4 N C   0.001 0.005 0.994 
   5 P C   0.001 0.012 0.987 
   6 Q C   0.001 0.128 0.872 
   7 I C   0.001 0.431 0.569 
   8 A E   0.000 0.619 0.381 
   9 A E   0.000 0.803 0.197 
  10 H E   0.001 0.956 0.044 
  11 V E   0.001 0.983 0.016 
  12 I E   0.001 0.972 0.028 
  13 S E   0.001 0.915 0.084 
  14 E E   0.002 0.800 0.199 
  15 A E   0.006 0.558 0.436 
  16 S C   0.007 0.171 0.821 
  17 S C   0.011 0.034 0.955 
  18 K C   0.004 0.018 0.978 
  19 T C   0.004 0.045 0.951 
  20 T C   0.004 0.112 0.883 
  21 S C   0.002 0.224 0.774 
  22 V E   0.002 0.720 0.278 
  23 L E   0.002 0.889 0.110 
  24 Q E   0.002 0.908 0.090 
  25 W E   0.003 0.852 0.145 
  26 A E   0.005 0.808 0.187 
  27 E E   0.010 0.710 0.279 
  28 K C   0.018 0.306 0.676 
  29 G C   0.036 0.158 0.805 
  30 Y C   0.066 0.169 0.765 
  31 Y C   0.094 0.258 0.648 
  32 T C   0.113 0.359 0.528 
  33 M C   0.117 0.394 0.489 
  34 S C   0.104 0.342 0.555 
  35 N C   0.070 0.203 0.727 
  36 N C   0.005 0.062 0.932 
  37 L C   0.002 0.179 0.819 
  38 V E   0.001 0.819 0.180 
  39 T E   0.000 0.979 0.020 
  40 L E   0.000 0.981 0.019 
  41 E E   0.000 0.812 0.187 
  42 N C   0.002 0.495 0.504 
  43 G C   0.000 0.019 0.981 
  44 K C   0.001 0.038 0.961 
  45 Q E   0.000 0.916 0.083 
  46 L E   0.000 0.989 0.011 
  47 T E   0.000 0.993 0.007 
  48 V E   0.000 0.970 0.030 
  49 K E   0.000 0.531 0.469 
  50 R C   0.001 0.437 0.562 
  51 Q C   0.001 0.140 0.859 
  52 G C   0.002 0.210 0.788 
  53 L E   0.001 0.905 0.095 
  54 Y E   0.000 0.976 0.024 
  55 Y E   0.000 0.991 0.008 
  56 I E   0.000 0.993 0.007 
  57 Y E   0.000 0.988 0.012 
  58 A E   0.000 0.988 0.012 
  59 Q E   0.000 0.991 0.009 
  60 V E   0.000 0.990 0.010 
  61 T E   0.000 0.992 0.008 
  62 F E   0.001 0.964 0.035 
  63 C E   0.000 0.710 0.290 
  64 S C   0.003 0.496 0.501 
  65 N C   0.003 0.036 0.961 
  66 R C   0.007 0.007 0.986 
  67 E C   0.011 0.003 0.986 
  68 A C   0.013 0.004 0.983 
  69 S C   0.009 0.006 0.984 
  70 S C   0.003 0.011 0.987 
  71 Q C   0.001 0.052 0.947 
  72 A C   0.001 0.145 0.854 
  73 P C   0.000 0.256 0.744 
  74 F E   0.000 0.935 0.065 
  75 I E   0.000 0.986 0.014 
  76 A E   0.000 0.988 0.012 
  77 S E   0.000 0.994 0.006 
  78 L E   0.000 0.995 0.005 
  79 C E   0.000 0.995 0.005 
  80 L E   0.000 0.975 0.025 
  81 K E   0.001 0.774 0.225 
  82 S C   0.000 0.140 0.859 
  83 P C   0.008 0.012 0.980 
  84 G C   0.007 0.004 0.989 
  85 R C   0.028 0.016 0.956 
  86 F C   0.054 0.025 0.922 
  87 E C   0.127 0.206 0.667 
  88 R E   0.150 0.668 0.181 
  89 I E   0.147 0.753 0.100 
  90 L E   0.138 0.762 0.100 
  91 L E   0.115 0.762 0.123 
  92 R E   0.083 0.741 0.175 
  93 A E   0.043 0.676 0.280 
  94 A E   0.025 0.611 0.364 
  95 N C   0.009 0.470 0.521 
  96 T C   0.004 0.302 0.694 
  97 H C   0.004 0.202 0.794 
  98 S C   0.003 0.109 0.888 
  99 S C   0.004 0.057 0.939 
 100 A C   0.002 0.022 0.976 
 101 K C   0.001 0.015 0.984 
 102 P C   0.003 0.013 0.984 
 103 C C   0.003 0.014 0.983 
 104 G C   0.003 0.061 0.936 
 105 Q C   0.003 0.251 0.746 
 106 Q C   0.002 0.466 0.532 
 107 S E   0.000 0.566 0.433 
 108 I E   0.001 0.799 0.201 
 109 H E   0.001 0.904 0.095 
 110 L E   0.000 0.888 0.112 
 111 G E   0.000 0.815 0.185 
 112 G E   0.000 0.870 0.129 
 113 V E   0.000 0.963 0.037 
 114 F E   0.000 0.991 0.009 
 115 E E   0.000 0.984 0.016 
 116 L E   0.000 0.781 0.218 
 117 Q C   0.000 0.030 0.970 
 118 P C   0.001 0.002 0.997 
 119 G C   0.001 0.002 0.997 
 120 A C   0.000 0.041 0.959 
 121 S E   0.000 0.927 0.073 
 122 V E   0.000 0.992 0.008 
 123 F E   0.000 0.994 0.006 
 124 V E   0.000 0.994 0.006 
 125 N E   0.000 0.976 0.023 
 126 V E   0.000 0.703 0.297 
 127 T C   0.000 0.067 0.933 
 128 D C   0.000 0.012 0.988 
 129 P C   0.016 0.003 0.981 
 130 S C   0.010 0.003 0.986 
 131 Q C   0.009 0.053 0.939 
 132 V E   0.006 0.718 0.276 
 133 S E   0.001 0.757 0.242 
 134 H E   0.001 0.581 0.418 
 135 G C   0.000 0.152 0.848 
 136 T C   0.002 0.028 0.970 
 137 G C   0.001 0.051 0.948 
 138 F C   0.001 0.312 0.687 
 139 T E   0.000 0.602 0.397 
 140 S E   0.000 0.954 0.045 
 141 F E   0.000 0.971 0.029 
 142 G E   0.000 0.967 0.033 
 143 L E   0.000 0.953 0.047 
 144 L E   0.000 0.928 0.072 
 145 K E   0.000 0.740 0.260 
 146 L C   0.000 0.001 0.999 
