   1 V C   0.000 0.000 0.999 
   2 S C   0.012 0.008 0.980 
   3 C C   0.040 0.005 0.955 
   4 E C   0.036 0.003 0.961 
   5 D C   0.042 0.004 0.955 
   6 C C   0.033 0.002 0.965 
   7 P C   0.253 0.001 0.746 
   8 E C   0.383 0.012 0.605 
   9 H C   0.429 0.028 0.543 
  10 C C   0.434 0.030 0.536 
  11 S C   0.385 0.023 0.591 
  12 T C   0.343 0.018 0.638 
  13 Q C   0.302 0.015 0.683 
  14 K C   0.273 0.028 0.699 
  15 A C   0.247 0.052 0.702 
  16 Q C   0.218 0.105 0.677 
  17 A C   0.150 0.173 0.677 
  18 K C   0.125 0.328 0.547 
  19 C C   0.078 0.350 0.572 
  20 D C   0.055 0.241 0.704 
  21 N C   0.019 0.023 0.958 
  22 D C   0.013 0.036 0.951 
  23 K C   0.013 0.456 0.531 
  24 C E   0.005 0.619 0.375 
  25 V E   0.005 0.751 0.244 
  26 C E   0.004 0.738 0.258 
  27 E C   0.001 0.463 0.535 
  28 P C   0.001 0.259 0.740 
  29 I C   0.000 0.001 0.999 
